0.387 0.447 0.387 0.387 0.387 0.387 0.387 0.447 0.387 0.387
0.619 0.026 0.619 0.619 0.619 0.619 0.619 0.026 0.619 0.619
0 0.017 0 0 0 0 0 0.017 0 0
0.399 0 0.399 0.399 0.399 0.399 0.399 0 0.399 0.399
1.55 3.657 1.601 1.601 1.601 1.601 1.601 2.454 0.466 0.466
0.686 -0.733 0.686 0.686 0.686 0.686 0.686 -0.733 0.686 0.686
0.476 -0.011 0.476 0.476 0.476 0.476 0.476 -0.011 -0.002 -0.002
0.414 0.443 0.414 0.414 0.414 0.414 0.414 0.443 0.414 0.414
-0.017 0.739 -0.017 -0.017 -0.017 -0.017 -0.017 0.739 -0.216 -0.216
-0.246 1.646 -0.246 -0.246 -0.246 -0.246 -0.246 0.767 -0.246 -0.246
0.654 0.009 0.654 0.654 0.654 0.654 0.654 0.009 0.654 0.654
0.683 0.005 0.683 0.683 0.683 0.683 0.683 0.005 0.683 0.683
0.005 0 0.005 0.005 0.005 0.005 0.005 0 0.005 0.005
0.715 1.689 0.715 0.715 0.715 0.715 0.715 1.689 0.715 0.715
0.04 -0.031 0.04 0.04 0.04 0.04 0.04 -0.031 0.04 0.04
-0.011 1.245 -0.011 -0.011 -0.011 -0.011 -0.011 0.549 -0.011 -0.011
0.136 0.02 0.136 0.136 0.136 0.136 0.136 0.02 0.136 0.136
-0.016 0.001 -0.016 -0.016 -0.016 -0.016 -0.016 0.001 -0.016 -0.016
0.641 3.657 0.641 0.641 0.641 0.641 0.641 2.902 0.641 0.641
1.014 0.51 1.014 1.014 1.014 1.014 1.014 0.51 1.014 1.014
0.584 -0.263 0.584 0.584 0.584 0.584 0.584 -0.263 0.584 0.584
0.396 -0.005 0.396 0.396 0.396 0.396 0.396 -0.005 0.396 0.396
0.27 -0.385 0.27 0.27 0.27 0.27 0.27 -0.385 0.27 0.27
2.89 1.246 2.89 2.89 2.89 2.89 2.89 1.246 2.89 2.89
0.514 0.004 0.514 0.514 0.514 0.514 0.514 0.004 0.514 0.514
1.584 0.572 1.584 1.584 1.584 1.584 1.584 0.572 1.584 1.584
0.537 0.222 0.537 0.537 0.537 0.537 0.537 0.222 0.537 0.537
0.981 -0.433 0.981 0.981 0.981 0.981 0.981 -0.433 0.981 0.981
0.644 0.025 0.644 0.644 0.644 0.644 0.644 0.025 0.644 0.644
1.58 -0.002 1.58 1.58 1.58 1.58 1.58 -0.002 1.58 1.58
0.366 0.57 0.366 0.366 0.366 0.366 0.366 0.57 0.366 0.366
0.618 0.015 0.618 0.618 0.618 0.618 0.618 0.015 0.618 0.618
0.975 -0.002 0.975 0.975 0.975 0.975 0.975 -0.002 0.975 0.975
0.579 3.657 0.579 0.579 0.579 0.579 0.579 3.657 0.579 0.579
0.414 0.003 0.414 0.414 0.414 0.414 0.414 0.003 0.414 0.414
0.595 2.387 0.595 0.595 0.595 0.595 0.595 2.387 0.595 0.595
0.142 -0.003 0.142 0.142 0.142 0.142 0.142 -0.003 0.142 0.142
0.318 0 0.318 0.318 0.318 0.318 0.318 0 0.318 0.318
0.346 0.013 0.346 0.346 0.346 0.346 0.346 0.013 0.338 0.338
0.557 2.254 0.557 0.557 0.557 0.557 0.557 2.254 0.557 0.557
0.803 3.657 0.803 0.803 0.803 0.803 0.803 3.657 0.803 0.803
-0.76 -1.24 -0.76 -0.76 -0.76 -0.76 -0.76 -1.24 1.076 1.076
-0.364 1.115 -0.364 -0.364 -0.364 -0.364 -0.364 1.115 -0.364 -0.364
0.839 0.004 0.839 0.839 0.839 0.839 0.839 0.004 0.839 0.839
0.458 0.957 0.458 0.458 0.458 0.458 0.458 0.957 0.458 0.458
0.098 0.495 0.098 0.098 0.098 0.098 0.098 0.495 0.098 0.098
-0.01 2.6 -0.01 -0.01 -0.01 -0.01 -0.01 2.6 -0.01 -0.01
0.001 -0.001 0.001 0.001 0.001 0.001 0.001 -0.001 0.001 0.001
0.007 -0.411 0.007 0.007 0.007 0.007 0.007 -0.411 0.007 0.007
0.347 -0.003 0.347 0.347 0.347 0.347 0.347 -0.003 0.347 0.347
1.411 -0.324 1.411 1.411 1.411 1.411 1.411 -0.324 0.154 0.154
0.572 0.009 0.572 0.572 0.572 0.572 0.572 0.009 0.572 0.572
-0.014 1.007 -0.014 -0.014 -0.014 -0.014 -0.014 1.007 -0.019 -0.019
0.577 -0.006 0.577 0.577 0.577 0.577 0.577 -0.006 0.577 0.577
0 0.074 0 0 0 0 0 0.074 0 0
0.846 0.003 0.846 0.846 0.846 0.846 0.846 0.003 0.846 0.846
0.881 0.007 0.881 0.881 0.881 0.881 0.881 0.007 0.881 0.881
1.338 1.009 1.338 1.338 1.338 1.338 1.338 1.009 1.338 1.338
1.772 3.657 1.772 1.772 1.772 1.772 1.772 3.657 1.772 1.772
0.003 -0.001 0.003 0.003 0.003 0.003 0.003 -0.001 0.003 0.003
0 0.001 0 0 0 0 0 0.001 0 0
1.559 -0.381 1.559 1.559 1.559 1.559 1.559 -0.381 1.559 1.559
0.498 -0.167 0.498 0.498 0.498 0.498 0.498 -0.167 0.498 0.498
0.515 -0.525 0.515 0.515 0.515 0.515 0.515 -0.525 0.515 0.515
0.013 0.365 0.013 0.013 0.013 0.013 0.013 0.365 -0.001 -0.001
0.062 0.757 0.062 0.062 0.062 0.062 0.062 0.757 0.062 0.062
0 -0.002 0 0 0 0 0 -0.002 0 0
-0.038 0.259 -0.038 -0.038 -0.038 -0.038 -0.038 0.259 -0.038 -0.038
1.235 0.606 1.235 1.235 1.235 1.235 1.235 0.606 1.235 1.235
0.057 1.838 0.057 0.057 0.057 0.057 0.057 1.838 0.057 0.057
0.003 3.657 0.003 0.003 0.003 0.003 0.003 -0.82 0.003 0.003
0.282 -0.146 0.282 0.282 0.282 0.282 0.282 -0.146 0.293 0.293
0.438 0.007 0.438 0.438 0.438 0.438 0.438 0.007 0.438 0.438
0.23 0.187 0.23 0.23 0.23 0.23 0.23 0.187 0.23 0.23
0.799 -0.309 0.799 0.799 0.799 0.799 0.799 -0.309 0.229 0.229
1.11 0.656 1.11 1.11 1.11 1.11 1.11 0.656 1.11 1.11
1.157 0.352 1.157 1.157 1.157 1.157 1.157 0.352 1.157 1.157
0.077 -0.708 0.077 0.077 0.077 0.077 0.077 0.001 0.077 0.077
0.715 2.092 0.715 0.715 0.715 0.715 0.715 2.092 0.715 0.715
0.298 0.785 0.298 0.298 0.298 0.298 0.298 0.785 0.298 0.298
0.534 -0.537 0.534 0.534 0.534 0.534 0.534 -0.537 0.534 0.534
0.005 -0.001 0.005 0.005 0.005 0.005 0.005 -0.001 0.001 0.001
1.434 -0.031 1.434 1.434 1.434 1.434 1.434 -0.031 1.434 1.434
0.701 -1.093 0.701 0.701 0.701 0.701 0.701 -1.093 0.701 0.701
0.785 3.657 0.785 0.785 0.785 0.785 0.785 3.657 0.785 0.785
-0.288 -0.318 -0.288 -0.288 -0.288 -0.288 -0.288 -0.318 -0.288 -0.288
0.907 0.704 0.907 0.907 0.907 0.907 0.907 0.704 0.907 0.907
1.203 -0.489 1.203 1.203 1.203 1.203 1.203 -0.489 0.336 0.336
0.021 0.015 0.021 0.021 0.021 0.021 0.021 0.015 0.021 0.021
1.175 0.018 1.175 1.175 1.175 1.175 1.175 0.018 1.175 1.175
0.639 0.209 0.639 0.639 0.639 0.639 0.639 0.209 0.639 0.639
1.325 -0.007 1.325 1.325 1.325 1.325 1.325 -0.007 0.461 0.461
1.622 -0.004 1.622 1.622 1.622 1.622 1.622 -0.004 1.622 1.622
0.434 2.894 0.434 0.434 0.434 0.434 0.434 2.894 0.434 0.434
0.227 0 0.227 0.227 0.227 0.227 0.227 0 0.227 0.227
0.351 0.36 0.351 0.351 0.351 0.351 0.351 0.36 0.351 0.351
0.008 0.02 0.008 0.008 0.008 0.008 0.008 0.02 0.008 0.008
0.995 0.001 0.995 0.995 0.995 0.995 0.995 0.001 0.995 0.995
0.327 1.857 0.327 0.327 0.327 0.327 0.327 1.857 0.327 0.327
1.037 -0.013 1.037 1.037 1.037 1.037 1.037 -0.013 1.037 1.037
0.264 -0.174 0.264 0.264 0.264 0.264 0.264 -0.174 0.264 0.264
0.407 -0.008 0.407 0.407 0.407 0.407 0.407 -0.008 0.407 0.407
0.003 0.794 0.003 0.003 0.003 0.003 0.003 0.794 0.003 0.003
0.973 0.011 0.973 0.973 0.973 0.973 0.973 0.011 0.973 0.973
0.73 -0.769 0.73 0.73 0.73 0.73 0.73 -0.769 0.73 0.73
0.844 -0.468 0.844 0.844 0.844 0.844 0.844 -0.468 0.844 0.844
0.145 0 0.145 0.145 0.145 0.145 0.145 0 0.145 0.145
0.569 0.026 0.569 0.569 0.569 0.569 0.569 0.026 0.569 0.569
1.454 0.01 1.454 1.454 1.454 1.454 1.454 0.01 1.454 1.454
0.863 0.001 0.863 0.863 0.863 0.863 0.863 0.001 0.863 0.863
0.926 0.017 0.926 0.926 0.926 0.926 0.926 0.017 0.926 0.926
0.638 0.071 0.638 0.638 0.638 0.638 0.638 0.071 0.638 0.638
1.479 0.824 1.479 1.479 1.479 1.479 1.479 0.824 1.479 1.479
0.28 1.232 0.28 0.28 0.28 0.28 0.28 1.232 0.28 0.28
0.464 0.022 0.464 0.464 0.464 0.464 0.464 0.022 0.464 0.464
1.612 0.224 1.612 1.612 1.612 1.612 1.612 0.224 1.612 1.612
0.281 0 0.281 0.281 0.281 0.281 0.281 0 0.281 0.281
0.519 3.55 0.519 0.519 0.519 0.519 0.519 3.55 0.519 0.519
0.561 0.175 0.561 0.561 0.561 0.561 0.561 0.175 0.561 0.561
0.897 0 0.897 0.897 0.897 0.897 0.897 0 0.897 0.897
-0.209 -0.647 -0.209 -0.209 -0.209 -0.209 -0.209 0.932 -0.209 -0.209
0.001 0.781 0.001 0.001 0.001 0.001 0.001 0.781 0.001 0.001
0.292 0.126 0.292 0.292 0.292 0.292 0.292 0.126 0.292 0.292
1.09 -0.008 1.09 1.09 1.09 1.09 1.09 -0.008 0.512 0.512
0.346 0.013 0.346 0.346 0.346 0.346 0.346 0.013 0.346 0.346
0 -0.003 0 0 0 0 0 -0.003 0 0
0.906 -0.425 0.906 0.906 0.906 0.906 0.906 -0.443 0.906 0.906
0.013 -0.003 0.013 0.013 0.013 0.013 0.013 -0.003 0.013 0.013
0.62 0.008 0.62 0.62 0.62 0.62 0.62 0.008 0.595 0.595
0.095 -0.001 0.095 0.095 0.095 0.095 0.095 -0.001 0.095 0.095
0.159 0.142 0.159 0.159 0.159 0.159 0.159 0.142 0.159 0.159
0.473 -0.489 0.473 0.473 0.473 0.473 0.473 -0.489 0.473 0.473
0.431 0 0.431 0.431 0.431 0.431 0.431 0 0.431 0.431
0.474 -0.517 0.474 0.474 0.474 0.474 0.474 -0.517 0.474 0.474
0.008 3.657 0.008 0.008 0.008 0.008 0.008 -0.091 0.008 0.008
0.497 0.01 0.497 0.497 0.497 0.497 0.497 0.01 0.497 0.497
1.794 2.642 1.794 1.794 1.794 1.794 1.794 2.642 1.794 1.794
0.931 0.442 0.931 0.931 0.931 0.931 0.931 0.442 0.931 0.931
0.982 -0.136 0.982 0.982 0.982 0.982 0.982 -0.136 0.983 0.983
0 -0.665 0 0 0 0 0 -0.665 0 0
0.725 0.726 0.725 0.725 0.725 0.725 0.725 0.726 0.725 0.725
-0.143 -0.478 -0.143 -0.143 -0.143 -0.143 -0.143 -0.478 0.307 0.307
0.951 0.47 0.951 0.951 0.951 0.951 0.951 0.47 0.951 0.951
-0.013 -0.01 -0.013 -0.013 -0.013 -0.013 -0.013 -0.01 -0.013 -0.013
0.553 0.067 0.553 0.553 0.553 0.553 0.553 -0.63 0.553 0.553
0.042 0.003 0.042 0.042 0.042 0.042 0.042 0.003 0.042 0.042
0.836 3.257 0.836 0.836 0.836 0.836 0.836 3.257 0.836 0.836
0.46 0.517 0.46 0.46 0.46 0.46 0.46 0.517 0.46 0.46
0.972 -0.347 0.972 0.972 0.972 0.972 0.972 -0.347 0.972 0.972
0.336 0.414 0.336 0.336 0.336 0.336 0.336 0.414 0.336 0.336
0.467 3.657 0.467 0.467 0.467 0.467 0.467 3.657 0.467 0.467
0.143 0.039 0.143 0.143 0.143 0.143 0.143 0.756 0.143 0.143
0 -0.866 0 0 0 0 0 -0.866 0 0
1.132 0.569 1.132 1.132 1.132 1.132 1.132 0.569 1.132 1.132
1.241 0.639 1.241 1.241 1.241 1.241 1.241 0.639 1.241 1.241
1.008 1.141 1.008 1.008 1.008 1.008 1.008 1.141 1.008 1.008
0.536 0.008 0.536 0.536 0.536 0.536 0.536 0.008 0.536 0.536
0.579 -0.965 0.579 0.579 0.579 0.579 0.579 -0.965 0.579 0.579
0.19 -0.046 0.19 0.19 0.19 0.19 0.19 -0.046 0.19 0.19
0.879 0 0.879 0.879 0.879 0.879 0.879 0 0.879 0.879
0.026 -0.289 0.026 0.026 0.026 0.026 0.026 -0.289 0.026 0.026
0.012 -0.762 0.012 0.012 0.012 0.012 0.012 -0.762 0.012 0.012
0.397 0.491 0.397 0.397 0.397 0.397 0.397 0.491 0.397 0.397
-0.003 -0.423 -0.003 -0.003 -0.003 -0.003 -0.003 -0.423 -0.003 -0.003
0.108 -0.356 0.108 0.108 0.108 0.108 0.108 -0.356 0.108 0.108
0.289 0.049 0.289 0.289 0.289 0.289 0.289 0.049 0.289 0.289
0.084 -0.559 1.34 1.34 1.34 1.34 1.34 -0.865 0.034 0.034
-0.011 0.106 -0.011 -0.011 -0.011 -0.011 -0.011 0.106 -0.011 -0.011
0.298 0.249 0.298 0.298 0.298 0.298 0.298 0.249 0.298 0.298
0.482 0.337 0.482 0.482 0.482 0.482 0.482 -0.102 0.482 0.482
0.774 -0.442 0.774 0.774 0.774 0.774 0.774 -0.442 0.774 0.774
0.795 -0.003 0.795 0.795 0.795 0.795 0.795 -0.003 0.795 0.795
0.469 0.02 0.469 0.469 0.469 0.469 0.469 0.02 0.469 0.469
0.045 -0.022 0.045 0.045 0.045 0.045 0.045 -0.022 0.045 0.045
0.389 -0.594 0.389 0.389 0.389 0.389 0.389 0.06 0.389 0.389
0.053 0.364 0.053 0.053 0.053 0.053 0.053 0.339 0.053 0.053
1.358 0.059 1.358 1.358 1.358 1.358 1.358 0.059 1.358 1.358
0.454 0.447 0.454 0.454 0.454 0.454 0.454 0.447 0.454 0.454
1.28 -0.009 1.28 1.28 1.28 1.28 1.28 -0.009 1.28 1.28
0.375 -0.189 0.375 0.375 0.375 0.375 0.375 -0.189 0.375 0.375
0.087 -0.171 0.087 0.087 0.087 0.087 0.087 -0.171 0.087 0.087
1.176 0.008 1.176 1.176 1.176 1.176 1.176 0.008 1.176 1.176
1.219 -0.201 1.219 1.219 1.219 1.219 1.219 -0.201 1.219 1.219
0.243 0.059 0.243 0.243 0.243 0.243 0.243 0.059 0.243 0.243
1.012 0.001 1.012 1.012 1.012 1.012 1.012 0.001 1.012 1.012
1.21 0.001 1.21 1.21 1.21 1.21 1.21 0.001 1.21 1.21
0.002 -0.007 0.002 0.002 0.002 0.002 0.002 -0.007 0.002 0.002
0.97 0.054 0.97 0.97 0.97 0.97 0.97 0.054 0.97 0.97
0.142 -0.079 0.142 0.142 0.142 0.142 0.142 -0.079 0.142 0.142
0.735 0.157 0.735 0.735 0.735 0.735 0.735 0.157 0.735 0.735
0.083 -0.884 0.083 0.083 0.083 0.083 0.083 -0.884 0.083 0.083
0.375 0.001 0.375 0.375 0.375 0.375 0.375 0.001 0.375 0.375
0.378 -0.254 0.378 0.378 0.378 0.378 0.378 -0.254 0.378 0.378
0 0.722 0 0 0 0 0 0.722 0 0
0.432 0.158 0.432 0.432 0.432 0.432 0.432 0.158 0.432 0.432
1.283 -0.006 1.283 1.283 1.283 1.283 1.283 -0.006 1.283 1.283
-0.495 -0.544 -0.546 -0.546 -0.546 -0.546 -0.546 -0.544 -0.548 -0.548
0.503 -0.597 0.503 0.503 0.503 0.503 0.503 -0.597 0.503 0.503
0.05 0.833 0.05 0.05 0.05 0.05 0.05 0.833 0.473 0.473
0.13 0.011 0.13 0.13 0.13 0.13 0.13 0.011 0.13 0.13
0.707 -0.333 0.707 0.707 0.707 0.707 0.707 -0.333 0.707 0.707
0.062 0.09 0.062 0.062 0.062 0.062 0.062 0.09 -0.007 -0.007
0.496 2.073 0.496 0.496 0.496 0.496 0.496 2.073 0.496 0.496
0.65 -0.703 0.65 0.65 0.65 0.65 0.65 -0.703 0.65 0.65
0.077 0.106 0.077 0.077 0.077 0.077 0.077 0.106 0.077 0.077
0.429 0.002 0.429 0.429 0.429 0.429 0.429 0.002 0.429 0.429
0.851 0.604 0.851 0.851 0.851 0.851 0.851 0.604 0.851 0.851
1.259 -0.542 1.259 1.259 1.259 1.259 1.259 -0.542 1.259 1.259
0.967 0 0.967 0.967 0.967 0.967 0.967 0 0.967 0.967
0.361 0 0.361 0.361 0.361 0.361 0.361 0 0.361 0.361
0.433 0.2 0.433 0.433 0.433 0.433 0.433 0.2 0.433 0.433
0.141 -0.003 0.141 0.141 0.141 0.141 0.141 -0.003 0.141 0.141
1.145 3.657 1.145 1.145 1.145 1.145 1.145 3.657 1.097 1.097
0.807 -0.01 0.807 0.807 0.807 0.807 0.807 -0.01 0.807 0.807
1.028 3.657 1.028 1.028 1.028 1.028 1.028 3.657 1.028 1.028
0.452 0.39 0.452 0.452 0.452 0.452 0.452 0.39 0.452 0.452
0.017 0.138 0.017 0.017 0.017 0.017 0.017 0.138 0.017 0.017
-0.002 0.001 -0.002 -0.002 -0.002 -0.002 -0.002 0.001 -0.002 -0.002
0.815 0.862 0.815 0.815 0.815 0.815 0.815 0.862 0.815 0.815
0.49 3.269 0.49 0.49 0.49 0.49 0.49 3.269 0.49 0.49
-0.001 2.312 -0.001 -0.001 -0.001 -0.001 -0.001 2.312 -0.001 -0.001
1.472 -0.003 1.472 1.472 1.472 1.472 1.472 -0.003 1.472 1.472
0.433 -0.007 0.433 0.433 0.433 0.433 0.433 -0.007 0.433 0.433
-0.042 0.076 -0.042 -0.042 -0.042 -0.042 -0.042 0.076 -0.042 -0.042
0.154 -0.393 0.154 0.154 0.154 0.154 0.154 -0.393 0.154 0.154
0.019 1.017 0.019 0.019 0.019 0.019 0.019 2.409 0.019 0.019
1.352 0.686 1.352 1.352 1.352 1.352 1.352 -0.502 1.352 1.352
1.223 0.647 1.223 1.223 1.223 1.223 1.223 0.647 1.223 1.223
0.539 -0.159 0.539 0.539 0.539 0.539 0.539 -0.159 0.539 0.539
0.946 0.008 0.946 0.946 0.946 0.946 0.946 0.008 0.946 0.946
0.584 0.033 0.584 0.584 0.584 0.584 0.584 0.033 0.584 0.584
0.63 -0.007 0.63 0.63 0.63 0.63 0.63 -0.007 0.63 0.63
0.26 -0.053 0.26 0.26 0.26 0.26 0.26 -0.053 0.26 0.26
0.599 0.029 0.599 0.599 0.599 0.599 0.599 0.029 0.599 0.599
1.022 0.362 1.022 1.022 1.022 1.022 1.022 0.362 1.022 1.022
0.488 -0.029 0.488 0.488 0.488 0.488 0.488 -0.029 0.488 0.488
0.629 0.064 0.629 0.629 0.629 0.629 0.629 0.064 0.629 0.629
0.84 0.014 0.84 0.84 0.84 0.84 0.84 0.014 0.84 0.84
0.62 0.004 0.62 0.62 0.62 0.62 0.62 0.004 0.62 0.62
0.642 0 0.642 0.642 0.642 0.642 0.642 0 0.642 0.642
0.596 0.863 0.596 0.596 0.596 0.596 0.596 0.863 0.596 0.596
0.391 -0.232 0.391 0.391 0.391 0.391 0.391 -0.232 0.391 0.391
0.352 -0.005 0.352 0.352 0.352 0.352 0.352 -0.005 0.352 0.352
0.481 -0.013 0.481 0.481 0.481 0.481 0.481 -0.013 0.481 0.481
0.669 -0.346 0.669 0.669 0.669 0.669 0.669 -0.002 0.669 0.669
0 0.002 0 0 0 0 0 0.002 0 0
0.306 1.198 0.306 0.306 0.306 0.306 0.306 1.198 0.315 0.315
1.433 1.669 1.433 1.433 1.433 1.433 1.433 1.669 1.433 1.433
0.178 -0.007 0.178 0.178 0.178 0.178 0.178 -0.007 0.178 0.178
2.242 0.002 2.242 2.242 2.242 2.242 2.242 0.002 2.242 2.242
0.058 2.945 0.058 0.058 0.058 0.058 0.058 0.032 0.058 0.058
0.408 1.396 0.408 0.408 0.408 0.408 0.408 1.396 0.408 0.408
0.008 2.094 0.008 0.008 0.008 0.008 0.008 2.094 0.008 0.008
0.657 1.058 0.657 0.657 0.657 0.657 0.657 1.058 0.657 0.657
0.678 -0.014 0.678 0.678 0.678 0.678 0.678 -0.014 0.678 0.678
0.536 0 0.536 0.536 0.536 0.536 0.536 0 0.536 0.536
0.497 1.559 0.497 0.497 0.497 0.497 0.497 1.559 0.497 0.497
1.382 1.988 1.382 1.382 1.382 1.382 1.382 1.988 1.382 1.382
0.369 -0.121 0.369 0.369 0.369 0.369 0.369 -0.121 0.369 0.369
-0.002 0 -0.002 -0.002 -0.002 -0.002 -0.002 0 -0.002 -0.002
-0.001 0.648 -0.001 -0.001 -0.001 -0.001 -0.001 0.648 -0.001 -0.001
0.727 -0.601 0.727 0.727 0.727 0.727 0.727 -0.601 0.727 0.727
0.611 2.15 0.611 0.611 0.611 0.611 0.611 2.15 0.611 0.611
0.01 3.657 0.01 0.01 0.01 0.01 0.01 3.657 0.01 0.01
0.276 0.181 0.276 0.276 0.276 0.276 0.276 0.181 0.276 0.276
0.579 0.4 0.579 0.579 0.579 0.579 0.579 0.4 1.195 1.195
1.143 0.329 1.143 1.143 1.143 1.143 1.143 0.329 1.143 1.143
0.262 0.126 0.262 0.262 0.262 0.262 0.262 0.126 0.262 0.262
0.23 0.5 0.23 0.23 0.23 0.23 0.23 0.5 0.23 0.23
0 1.619 0 0 0 0 0 1.619 0 0
-0.003 0.342 -0.003 -0.003 -0.003 -0.003 -0.003 0.342 -0.003 -0.003
1.444 1.002 1.444 1.444 1.444 1.444 1.444 1.002 1.444 1.444
-0.006 2.942 -0.006 -0.006 -0.006 -0.006 -0.006 2.942 -0.006 -0.006
0.017 0.882 0.017 0.017 0.017 0.017 0.017 0.882 0.017 0.017
2.564 0.009 2.564 2.564 2.564 2.564 2.564 0.009 2.564 2.564
0.705 0 0.705 0.705 0.705 0.705 0.705 0 1.323 1.323
0.816 0.428 0.816 0.816 0.816 0.816 0.816 0.428 0.816 0.816
-0.003 -0.001 -0.003 -0.003 -0.003 -0.003 -0.003 0.006 -0.003 -0.003
0.437 2.568 0.437 0.437 0.437 0.437 0.437 2.568 0.437 0.437
1.228 -0.397 1.228 1.228 1.228 1.228 1.228 0.352 1.228 1.228
0.001 2.899 0.001 0.001 0.001 0.001 0.001 2.899 0.001 0.001
0.454 1.231 0.454 0.454 0.454 0.454 0.454 1.231 0.454 0.454
1.232 0.075 1.232 1.232 1.232 1.232 1.232 0.075 1.232 1.232
0.318 -0.005 0.318 0.318 0.318 0.318 0.318 -0.005 0.32 0.32
0.71 0.711 0.71 0.71 0.71 0.71 0.71 0.711 0.71 0.71
-0.002 0.001 -0.002 -0.002 -0.002 -0.002 -0.002 0.001 -0.002 -0.002
-0.353 0.391 -0.353 -0.353 -0.353 -0.353 -0.353 0.391 0.001 0.001
1.191 0.601 1.191 1.191 1.191 1.191 1.191 0.601 1.191 1.191
0.154 0 0.154 0.154 0.154 0.154 0.154 0 0.154 0.154
0.875 0 0.875 0.875 0.875 0.875 0.875 0 1.737 1.737
-0.001 -0.34 -0.001 -0.001 -0.001 -0.001 -0.001 -0.34 -0.001 -0.001
0.262 0.001 0.262 0.262 0.262 0.262 0.262 0.001 0.262 0.262
0.676 0.004 0.676 0.676 0.676 0.676 0.676 0.004 0.653 0.653
0.081 0.057 0.081 0.081 0.081 0.081 0.081 0.057 0.081 0.081
0.027 0.914 0.027 0.027 0.027 0.027 0.027 0.914 0.027 0.027
0.79 0.21 0.79 0.79 0.79 0.79 0.79 0.21 0.79 0.79
0.728 0.028 0.728 0.728 0.728 0.728 0.728 0.028 1.304 1.304
0.617 0.359 0.617 0.617 0.617 0.617 0.617 0.359 0.617 0.617
0.666 -0.335 0.666 0.666 0.666 0.666 0.666 -0.626 0.666 0.666
0.699 -0.113 0.699 0.699 0.699 0.699 0.699 -0.113 0.699 0.699
0.478 0.973 0.478 0.478 0.478 0.478 0.478 0.973 0.478 0.478
0.005 3.657 0.005 0.005 0.005 0.005 0.005 2.975 0.005 0.005
-0.011 0.014 -0.011 -0.011 -0.011 -0.011 -0.011 0.014 -0.011 -0.011
-0.007 -0.578 -0.007 -0.007 -0.007 -0.007 -0.007 -0.578 -0.007 -0.007
0.281 0.1 0.281 0.281 0.281 0.281 0.281 0.1 0.281 0.281
0.738 0.006 0.738 0.738 0.738 0.738 0.738 0.006 0.738 0.738
0.991 1.134 0.991 0.991 0.991 0.991 0.991 1.134 0.991 0.991
0.663 0.604 0.663 0.663 0.663 0.663 0.663 0.604 0.663 0.663
1.793 -0.004 1.793 1.793 1.793 1.793 1.793 -0.004 1.793 1.793
0.454 -0.007 0.454 0.454 0.454 0.454 0.454 -0.007 0.454 0.454
-0.01 -0.406 -0.01 -0.01 -0.01 -0.01 -0.01 -0.406 0.164 0.164
0.073 3.657 0.073 0.073 0.073 0.073 0.073 3.638 0.073 0.073
0.481 0.043 0.481 0.481 0.481 0.481 0.481 0.043 0.481 0.481
0.675 -0.002 0.675 0.675 0.675 0.675 0.675 -0.002 0.333 0.333
1.137 0.56 1.137 1.137 1.137 1.137 1.137 0.56 1.137 1.137
0.185 0.237 0.185 0.185 0.185 0.185 0.185 0.237 0.185 0.185
0.597 -0.581 0.597 0.597 0.597 0.597 0.597 -0.581 0.597 0.597
0.151 0.108 0.151 0.151 0.151 0.151 0.151 0.108 0.151 0.151
0.376 -0.222 0.376 0.376 0.376 0.376 0.376 -0.222 0.376 0.376
0.671 -0.784 0.671 0.671 0.671 0.671 0.671 -0.784 0.671 0.671
0.114 0.09 0.114 0.114 0.114 0.114 0.114 0.09 0.114 0.114
0.763 0.494 0.763 0.763 0.763 0.763 0.763 0.494 0.763 0.763
0.856 -0.696 0.856 0.856 0.856 0.856 0.856 -0.696 0.856 0.856
0.396 0.01 0.396 0.396 0.396 0.396 0.396 0.01 0.396 0.396
0.359 1.685 0.359 0.359 0.359 0.359 0.359 1.685 0.359 0.359
0.065 -0.27 0.065 0.065 0.065 0.065 0.065 -0.27 0.065 0.065
-0.001 0.192 -0.001 -0.001 -0.001 -0.001 -0.001 0.192 -0.001 -0.001
0.441 0.828 0.441 0.441 0.441 0.441 0.441 0.828 0.441 0.441
0.549 -0.867 0.549 0.549 0.549 0.549 0.549 -0.867 0.549 0.549
0.235 1.493 0.235 0.235 0.235 0.235 0.235 2.234 0.235 0.235
0.222 0.672 0.222 0.222 0.222 0.222 0.222 0.672 0.222 0.222
0.688 3.602 0.688 0.688 0.688 0.688 0.688 -0.025 -0.123 -0.123
0.917 -0.006 0.917 0.917 0.917 0.917 0.917 -0.006 0.917 0.917
1.777 -0.597 1.777 1.777 1.777 1.777 1.777 -0.597 1.777 1.777
0.824 0.002 0.824 0.824 0.824 0.824 0.824 0.002 0.824 0.824
1.499 0.473 1.499 1.499 1.499 1.499 1.499 1.74 0.77 0.77
0.452 0.201 0.452 0.452 0.452 0.452 0.452 0.201 0.452 0.452
0.731 -0.803 0.731 0.731 0.731 0.731 0.731 -0.827 0.731 0.731
0.009 0.953 0.009 0.009 0.009 0.009 0.009 0.953 0.009 0.009
1.772 -0.003 1.772 1.772 1.772 1.772 1.772 -0.003 1.772 1.772
0.46 0 0.46 0.46 0.46 0.46 0.46 0 0.46 0.46
-0.004 0.023 -0.004 -0.004 -0.004 -0.004 -0.004 0.023 -0.004 -0.004
0.1 0.094 0.1 0.1 0.1 0.1 0.1 0.094 0.1 0.1
0.676 0.344 0.676 0.676 0.676 0.676 0.676 0.344 0.676 0.676
0.771 -0.003 0.771 0.771 0.771 0.771 0.771 -0.003 0.771 0.771
-0.001 2.692 -0.001 -0.001 -0.001 -0.001 -0.001 2.692 -0.001 -0.001
0.816 -0.033 0.816 0.816 0.816 0.816 0.816 1.93 0.816 0.816
1.93 -0.01 1.93 1.93 1.93 1.93 1.93 -0.01 1.93 1.93
0.158 -0.461 0.158 0.158 0.158 0.158 0.158 0.076 0.158 0.158
0.42 0.308 0.42 0.42 0.42 0.42 0.42 0.308 0.42 0.42
0.746 -0.467 0.746 0.746 0.746 0.746 0.746 -0.467 0.746 0.746
0.459 0.002 0.459 0.459 0.459 0.459 0.459 0.002 0.459 0.459
0.583 0.001 0.583 0.583 0.583 0.583 0.583 0.001 0.583 0.583
0.652 -0.301 0.186 0.186 0.186 0.186 0.186 -0.301 0.462 0.462
1.232 0.042 1.232 1.232 1.232 1.232 1.232 0.042 1.232 1.232
0.986 0.002 0.986 0.986 0.986 0.986 0.986 0.002 0.986 0.986
0.248 2.611 0.248 0.248 0.248 0.248 0.248 2.611 0.248 0.248
0.376 -0.35 0.376 0.376 0.376 0.376 0.376 -0.35 0.376 0.376
0.804 0.001 0.804 0.804 0.804 0.804 0.804 0.001 0.804 0.804
1.034 0.076 1.034 1.034 1.034 1.034 1.034 0.076 1.034 1.034
0.596 0.477 0.596 0.596 0.596 0.596 0.596 0.477 0.596 0.596
-0.404 -0.627 -0.404 -0.404 -0.404 -0.404 -0.404 -0.627 -0.404 -0.404
0.468 0.018 0.468 0.468 0.468 0.468 0.468 0.018 0.468 0.468
0.799 1.13 0.799 0.799 0.799 0.799 0.799 1.13 0.799 0.799
-0.011 1.083 -0.011 -0.011 -0.011 -0.011 -0.011 1.083 -0.011 -0.011
0.438 0.092 0.438 0.438 0.438 0.438 0.438 0.092 0.438 0.438
-0.002 0.003 -0.002 -0.002 -0.002 -0.002 -0.002 0.003 -0.002 -0.002
0.645 0 0.645 0.645 0.645 0.645 0.645 0 0.645 0.645
0.47 0.003 0.47 0.47 0.47 0.47 0.47 0.003 0.47 0.47
0.008 0.02 0.008 0.008 0.008 0.008 0.008 0.02 0.008 0.008
0.389 0.246 0.389 0.389 0.389 0.389 0.389 0.246 0.389 0.389
0.925 0.008 0.925 0.925 0.925 0.925 0.925 0.008 0.925 0.925
0.009 0.424 0.009 0.009 0.009 0.009 0.009 0.424 0.009 0.009
-0.05 -0.372 -0.05 -0.05 -0.05 -0.05 -0.05 -0.372 -0.05 -0.05
0.518 0.011 0.518 0.518 0.518 0.518 0.518 0.011 0.518 0.518
0.563 -0.009 0.563 0.563 0.563 0.563 0.563 -0.009 0.563 0.563
0.227 0.452 0.227 0.227 0.227 0.227 0.227 2.339 0.227 0.227
0.349 0.031 0.349 0.349 0.349 0.349 0.349 0.031 0.349 0.349
1.127 0.668 1.127 1.127 1.127 1.127 1.127 0.668 1.127 1.127
0.446 0.056 0.446 0.446 0.446 0.446 0.446 -0.499 0.446 0.446
0.807 0 0.807 0.807 0.807 0.807 0.807 0 0.807 0.807
0.396 -0.11 0.396 0.396 0.396 0.396 0.396 -0.11 0.396 0.396
1.265 -0.003 1.265 1.265 1.265 1.265 1.265 -0.003 1.265 1.265
1.357 -0.006 1.357 1.357 1.357 1.357 1.357 -0.006 1.357 1.357
1.134 0.321 1.134 1.134 1.134 1.134 1.134 0.321 1.134 1.134
0.056 -0.128 0.056 0.056 0.056 0.056 0.056 -0.128 0.056 0.056
0.739 2.31 0.739 0.739 0.739 0.739 0.739 2.31 0.739 0.739
0.984 -0.026 0.984 0.984 0.984 0.984 0.984 -0.026 0.984 0.984
0.439 0.825 0.439 0.439 0.439 0.439 0.439 0.825 0.439 0.439
0.672 0.001 0.672 0.672 0.672 0.672 0.672 0.001 0.672 0.672
0.124 0.226 0.124 0.124 0.124 0.124 0.124 0.226 0.124 0.124
0.011 -0.016 0.011 0.011 0.011 0.011 0.011 -0.016 0.011 0.011
1.421 -0.831 1.421 1.421 1.421 1.421 1.421 -0.831 1.421 1.421
0.583 -0.652 0.583 0.583 0.583 0.583 0.583 -0.652 0.583 0.583
0.185 0.499 0.185 0.185 0.185 0.185 0.185 0.499 0.185 0.185
1.009 0.837 1.009 1.009 1.009 1.009 1.009 0.837 1.009 1.009
-0.001 0.021 -0.001 -0.001 -0.001 -0.001 -0.001 0.021 -0.001 -0.001
-0.004 -0.004 -0.004 -0.004 -0.004 -0.004 -0.004 -0.004 -0.004 -0.004
0.197 -0.16 0.197 0.197 0.197 0.197 0.197 -0.16 0.197 0.197
-0.035 0.152 -0.035 -0.035 -0.035 -0.035 -0.035 0.152 -0.035 -0.035
0.002 -0.533 0.002 0.002 0.002 0.002 0.002 -0.533 0.002 0.002
1.602 0.357 1.602 1.602 1.602 1.602 1.602 0.357 1.602 1.602
0.715 -0.751 0.715 0.715 0.715 0.715 0.715 -0.751 0.715 0.715
0.648 0.003 0.648 0.648 0.648 0.648 0.648 0.003 0.648 0.648
0 0.004 0 0 0 0 0 0.004 0 0
0.462 0.043 0.462 0.462 0.462 0.462 0.462 0.043 0.462 0.462
0.128 -0.75 0.128 0.128 0.128 0.128 0.128 -0.75 0.128 0.128
0.771 -0.356 0.771 0.771 0.771 0.771 0.771 -0.356 0.771 0.771
-0.002 0.041 -0.002 -0.002 -0.002 -0.002 -0.002 0.041 -0.002 -0.002
1.869 -0.531 1.869 1.869 1.869 1.869 1.869 -0.531 1.869 1.869
0.413 2.019 0.413 0.413 0.413 0.413 0.413 2.019 0.413 0.413
0.238 3.645 0.238 0.238 0.238 0.238 0.238 3.645 0.238 0.238
0.069 -0.283 0.069 0.069 0.069 0.069 0.069 -0.283 0.069 0.069
0.99 0.807 0.99 0.99 0.99 0.99 0.99 0.807 0.99 0.99
0.276 0.013 0.276 0.276 0.276 0.276 0.276 0.013 0.276 0.276
0.472 -0.191 0.472 0.472 0.472 0.472 0.472 0.299 0.472 0.472
0.705 3.657 0.705 0.705 0.705 0.705 0.705 3.657 0.705 0.705
0.339 3.099 0.339 0.339 0.339 0.339 0.339 3.099 0.339 0.339
0.006 -0.002 0.006 0.006 0.006 0.006 0.006 -0.002 0.006 0.006
0.007 0.01 0.007 0.007 0.007 0.007 0.007 0.01 0.007 0.007
0.799 -0.002 0.799 0.799 0.799 0.799 0.799 -0.002 0.799 0.799
1.564 -0.635 1.564 1.564 1.564 1.564 1.564 -0.635 0.469 0.469
0.496 0.065 0.496 0.496 0.496 0.496 0.496 0.065 0.496 0.496
-0.001 0.004 -0.001 -0.001 -0.001 -0.001 -0.001 0.004 -0.001 -0.001
0.531 3.657 0.531 0.531 0.531 0.531 0.531 3.657 0.531 0.531
0.918 0.314 0.918 0.918 0.918 0.918 0.918 0.314 0.918 0.918
0.221 0.054 0.221 0.221 0.221 0.221 0.221 0.054 0.221 0.221
1.609 -0.662 1.609 1.609 1.609 1.609 1.609 -0.662 1.609 1.609
-0.099 0.758 -0.099 -0.099 -0.099 -0.099 -0.099 0.758 -0.099 -0.099
1.217 0.678 1.217 1.217 1.217 1.217 1.217 0.678 1.217 1.217
0.483 0.219 0.483 0.483 0.483 0.483 0.483 0.219 0.483 0.483
0.011 3.354 0.011 0.011 0.011 0.011 0.011 3.354 0.011 0.011
0.517 -0.382 0.517 0.517 0.517 0.517 0.517 -0.382 0.517 0.517
1.398 -0.531 1.398 1.398 1.398 1.398 1.398 -0.531 1.398 1.398
0.53 0.003 0.53 0.53 0.53 0.53 0.53 0.003 0.53 0.53
0.007 3.657 0.007 0.007 0.007 0.007 0.007 3.266 0.007 0.007
0.09 0 0.09 0.09 0.09 0.09 0.09 0 0.09 0.09
0.39 -0.392 0.39 0.39 0.39 0.39 0.39 -0.392 0.39 0.39
0.123 -0.604 0.123 0.123 0.123 0.123 0.123 -0.604 0.123 0.123
-0.142 -0.258 -0.142 -0.142 -0.142 -0.142 -0.142 -0.258 -0.142 -0.142
1.136 -0.337 1.136 1.136 1.136 1.136 1.136 -0.337 1.136 1.136
0.656 0.035 0.656 0.656 0.656 0.656 0.656 0.035 0.656 0.656
0.782 0 0.782 0.782 0.782 0.782 0.782 0 0.782 0.782
0.5 0.103 0.5 0.5 0.5 0.5 0.5 0.103 0.5 0.5
0.019 0.062 0.019 0.019 0.019 0.019 0.019 0.062 0.583 0.583
0.372 0.362 0.372 0.372 0.372 0.372 0.372 0.362 0.372 0.372
0.077 -0.453 0.077 0.077 0.077 0.077 0.077 -0.453 0.077 0.077
1.087 0.003 1.087 1.087 1.087 1.087 1.087 0.003 1.087 1.087
0.928 0.011 0.928 0.928 0.928 0.928 0.928 0.011 0.928 0.928
0.651 1.008 0.651 0.651 0.651 0.651 0.651 1.008 0.651 0.651
0.418 2.426 0.418 0.418 0.418 0.418 0.418 2.426 0.418 0.418
0.05 0.307 0.05 0.05 0.05 0.05 0.05 0.307 0.05 0.05
1.839 0.022 1.839 1.839 1.839 1.839 1.839 0.022 1.839 1.839
0.628 -0.001 0.628 0.628 0.628 0.628 0.628 -0.001 0.628 0.628
-0.238 0.164 -0.238 -0.238 -0.238 -0.238 -0.238 0.164 -0.238 -0.238
0.562 0.195 0.562 0.562 0.562 0.562 0.562 0.195 0.562 0.562
0.009 0.784 0.009 0.009 0.009 0.009 0.009 0.784 0.009 0.009
1.474 -0.837 1.474 1.474 1.474 1.474 1.474 2.479 1.474 1.474
0.401 0.324 0.401 0.401 0.401 0.401 0.401 0.324 0.401 0.401
0.071 -0.094 0.071 0.071 0.071 0.071 0.071 -0.094 0.071 0.071
0.055 0.025 0.055 0.055 0.055 0.055 0.055 0.025 0.055 0.055
1.773 1.854 1.773 1.773 1.773 1.773 1.773 1.854 1.773 1.773
1.176 0.003 1.176 1.176 1.176 1.176 1.176 0.003 1.176 1.176
0.027 2.297 0.027 0.027 0.027 0.027 0.027 2.297 0.027 0.027
0.005 -0.002 0.005 0.005 0.005 0.005 0.005 -0.002 0.005 0.005
0.004 0.131 0.004 0.004 0.004 0.004 0.004 0.131 0.004 0.004
2.334 0.002 2.334 2.334 2.334 2.334 2.334 0.002 1.241 1.241
1.407 0 1.407 1.407 1.407 1.407 1.407 0 1.407 1.407
0.219 -0.674 0.219 0.219 0.219 0.219 0.219 -0.674 0.219 0.219
0.963 -0.153 0.963 0.963 0.963 0.963 0.963 -0.153 0.963 0.963
0.856 0.008 0.856 0.856 0.856 0.856 0.856 0.008 0.856 0.856
0.637 2.25 0.637 0.637 0.637 0.637 0.637 2.25 0.637 0.637
0.076 0.738 0.076 0.076 0.076 0.076 0.076 0.738 0.076 0.076
1.251 1.842 1.251 1.251 1.251 1.251 1.251 1.842 1.251 1.251
0.012 0.044 0.012 0.012 0.012 0.012 0.012 0.044 0.012 0.012
0.856 -0.119 0.856 0.856 0.856 0.856 0.856 -0.119 0.856 0.856
0.791 -0.015 0.021 0.021 0.021 0.021 0.021 0.388 0.018 0.018
0.673 0.233 0.673 0.673 0.673 0.673 0.673 0.233 0.673 0.673
0.402 1.628 0.402 0.402 0.402 0.402 0.402 1.628 0.402 0.402
0.01 1.68 0.01 0.01 0.01 0.01 0.01 2.661 0.01 0.01
0.534 0.37 0.534 0.534 0.534 0.534 0.534 0.37 0.534 0.534
1.047 2.085 1.047 1.047 1.047 1.047 1.047 1.995 1.047 1.047
-0.002 0.078 -0.002 -0.002 -0.002 -0.002 -0.002 0.078 -0.002 -0.002
0.35 -0.12 0.35 0.35 0.35 0.35 0.35 -0.12 0.35 0.35
0.08 -0.002 0.08 0.08 0.08 0.08 0.08 -0.002 0.08 0.08
0.167 -0.313 0.167 0.167 0.167 0.167 0.167 -0.313 0.167 0.167
0.35 0.04 0.35 0.35 0.35 0.35 0.35 0.04 0.35 0.35
0.419 -0.434 0.419 0.419 0.419 0.419 0.419 -0.434 0.419 0.419
0.795 0.009 0.802 0.802 0.802 0.802 0.795 0.009 0.795 0.795
0.368 -0.383 0.368 0.368 0.368 0.368 0.368 -0.383 0.368 0.368
1.251 0.004 1.251 1.251 1.251 1.251 1.251 0.004 1.251 1.251
0.643 -0.64 0.643 0.643 0.643 0.643 0.643 -0.64 0.643 0.643
0.053 0.094 0.053 0.053 0.053 0.053 0.053 0.094 0.053 0.053
0.662 1.251 0.662 0.662 0.662 0.662 0.662 1.251 0.585 0.585
0.361 0.16 0.361 0.361 0.361 0.361 0.361 0.16 0.361 0.361
0.63 0.002 0.63 0.63 0.63 0.63 0.63 0.002 0.016 0.016
0.088 0.16 0.088 0.088 0.088 0.088 0.088 0.16 0.088 0.088
0.471 0.405 0.471 0.471 0.471 0.471 0.471 0.405 0.471 0.471
0.357 -0.43 0.357 0.357 0.357 0.357 0.357 -0.43 0.357 0.357
1.097 0.692 1.097 1.097 1.097 1.097 1.097 0.692 1.097 1.097
-0.007 -0.144 -0.007 -0.007 -0.007 -0.007 -0.007 -0.144 -0.007 -0.007
1.495 1.578 1.495 1.495 1.495 1.495 1.495 1.578 1.495 1.495
0.132 -0.256 0.132 0.132 0.132 0.132 0.132 -0.256 0.132 0.132
0.132 2.017 0.132 0.132 0.132 0.132 0.132 0.447 0.132 0.132
0.128 -0.081 0.128 0.128 0.128 0.128 0.128 -0.081 0.128 0.128
0.025 0.002 0.025 0.025 0.025 0.025 0.025 0.002 0.025 0.025
-0.007 0.022 -0.007 -0.007 -0.007 -0.007 -0.007 0.022 -0.007 -0.007
0.008 0.009 0.008 0.008 0.008 0.008 0.008 0.009 0.008 0.008
0.003 -0.003 0.003 0.003 0.003 0.003 0.003 -0.003 0.003 0.003
0.744 0.008 0.744 0.744 0.744 0.744 0.744 0.008 0.744 0.744
0 -0.008 0 0 0 0 0 0.832 0 0
1.192 -0.001 1.192 1.192 1.192 1.192 1.192 -0.001 1.192 1.192
0.028 0 0.028 0.028 0.028 0.028 0.028 0 0.028 0.028
0.287 -0.517 0.287 0.287 0.287 0.287 0.287 -0.517 0.287 0.287
0.672 -0.008 0.672 0.672 0.672 0.672 0.672 -0.008 0.672 0.672
0.179 0.009 0.179 0.179 0.179 0.179 0.179 0.009 0.179 0.179
0.152 -0.519 0.152 0.152 0.152 0.152 0.152 -0.519 0.152 0.152
1.034 0 1.034 1.034 1.034 1.034 1.034 0 1.034 1.034
0.215 0.153 0.215 0.215 0.215 0.215 0.215 0.153 0.215 0.215
0.205 1.127 0.205 0.205 0.205 0.205 0.205 1.127 0.205 0.205
0.12 -0.489 0.12 0.12 0.12 0.12 0.12 -0.489 0.12 0.12
1.073 0.725 1.073 1.073 1.073 1.073 1.073 0.725 1.073 1.073
0.937 0.008 0.937 0.937 0.937 0.937 0.937 0.008 0.937 0.937
0.124 -0.002 0.124 0.124 0.124 0.124 0.124 -0.002 0.124 0.124
0.14 0.215 0.14 0.14 0.14 0.14 0.14 0.215 0.14 0.14
0.518 2.253 0.518 0.518 0.518 0.518 0.518 2.253 0.518 0.518
0.004 -0.004 0.004 0.004 0.004 0.004 0.004 -0.004 0.004 0.004
0.058 0.412 0.058 0.058 0.058 0.058 0.058 0.016 0.058 0.058
0.326 0.077 0.326 0.326 0.326 0.326 0.326 0.077 0.326 0.326
0 0 0 0 0 0 0 0 0 0
1.27 -0.83 1.27 1.27 1.27 1.27 1.27 -0.83 1.27 1.27
1.491 0.001 1.491 1.491 1.491 1.491 1.491 0.001 1.491 1.491
1.021 0.273 1.021 1.021 1.021 1.021 1.021 0.273 1.021 1.021
0.594 -0.296 0.594 0.594 0.594 0.594 0.594 -0.296 0.594 0.594
0.101 -0.177 0.101 0.101 0.101 0.101 0.101 -0.177 0.101 0.101
0.86 -0.419 0.86 0.86 0.86 0.86 0.86 -0.419 0.86 0.86
1.523 0.004 1.523 1.523 1.523 1.523 1.523 0.004 1.523 1.523
0.51 -0.018 0.51 0.51 0.51 0.51 0.51 -0.018 0.51 0.51
1.32 0.085 1.32 1.32 1.32 1.32 1.32 0.085 1.32 1.32
0.29 -0.161 0.29 0.29 0.29 0.29 0.29 -0.161 0.29 0.29
0.003 0.564 0.003 0.003 0.003 0.003 0.003 0.564 0.003 0.003
0.144 0.3 0.144 0.144 0.144 0.144 0.144 0.3 0.144 0.144
0.679 -0.393 0.679 0.679 0.679 0.679 0.679 -0.393 0.679 0.679
1.114 2.725 1.114 1.114 1.114 1.114 1.114 2.725 1.114 1.114
0.854 0.014 0.854 0.854 0.854 0.854 0.854 0.014 0.767 0.767
0.441 -0.001 0.441 0.441 0.441 0.441 0.441 -0.001 0.441 0.441
0.586 0.641 0.586 0.586 0.586 0.586 0.586 0.641 1.037 1.037
0.74 0.717 0.74 0.74 0.74 0.74 0.74 0.717 0.704 0.704
0.737 0.622 0.737 0.737 0.737 0.737 0.737 0.622 0.737 0.737
0.909 0.011 0.909 0.909 0.909 0.909 0.909 0.011 0.909 0.909
0.765 -0.011 0.765 0.765 0.765 0.765 0.765 -0.011 0.765 0.765
0.3 0.011 0.3 0.3 0.3 0.3 0.3 0.011 1.281 1.281
0.968 -0.016 0.968 0.968 0.968 0.968 0.968 -0.016 0.968 0.968
0.071 0.807 0.071 0.071 0.071 0.071 0.071 0.807 0.071 0.071
0.029 -0.933 0.029 0.029 0.029 0.029 0.029 -0.933 0.029 0.029
0.641 -0.751 0.641 0.641 0.641 0.641 0.641 -0.751 0.641 0.641
1.236 0.72 0.033 0.033 0.033 0.033 0.033 0.72 1.091 1.091
0.004 3.657 0.004 0.004 0.004 0.004 0.004 3.657 0.004 0.004
1.127 0.021 1.127 1.127 1.127 1.127 1.127 0.021 1.127 1.127
0.96 0.484 0.96 0.96 0.96 0.96 0.96 0.484 0.96 0.96
0.402 0.014 0.402 0.402 0.402 0.402 0.402 0.014 0.402 0.402
0.002 -0.052 0.002 0.002 0.002 0.002 0.002 -0.052 0.002 0.002
0.523 -0.058 0.523 0.523 0.523 0.523 0.523 -0.058 0.523 0.523
0.859 0.001 0.859 0.859 0.859 0.859 0.859 0.001 0.859 0.859
0 0.005 0 0 0 0 0 0.005 0 0
0.805 -0.157 0.805 0.805 0.805 0.805 0.805 -0.157 0.805 0.805
0.751 -0.336 0.751 0.751 0.751 0.751 0.751 -0.336 0.751 0.751
0.871 0.603 0.871 0.871 0.871 0.871 0.871 0.603 0.871 0.871
0.026 0.033 0.026 0.026 0.026 0.026 0.026 0.03 0.026 0.026
0.002 -0.003 0.002 0.002 0.002 0.002 0.002 -0.003 0.002 0.002
1.921 0.339 1.921 1.921 1.921 1.921 1.921 0.339 1.847 1.847
1.199 3.657 1.199 1.199 1.199 1.199 1.199 3.657 1.199 1.199
2.078 0.021 2.078 2.078 2.078 2.078 2.078 0.021 2.078 2.078
-0.331 0.988 -0.331 -0.331 -0.331 -0.331 -0.331 0.988 -0.331 -0.331
0.669 0.018 0.669 0.669 0.669 0.669 0.669 0.018 0.669 0.669
-0.003 -0.963 -0.003 -0.003 -0.003 -0.003 -0.003 -0.031 -0.003 -0.003
0.011 -0.012 0.011 0.011 0.011 0.011 0.011 -0.012 0.011 0.011
0.012 0.012 0.012 0.012 0.012 0.012 0.012 0.012 0.012 0.012
0.49 0.086 0.49 0.49 0.49 0.49 0.49 0.086 0.49 0.49
0.869 -0.635 0.869 0.869 0.869 0.869 0.869 -0.635 0.869 0.869
2.575 1.319 2.575 2.575 2.575 2.575 2.575 1.319 1.39 1.39
0.9 0.272 0.9 0.9 0.9 0.9 0.9 0.272 0.9 0.9
0.939 3.657 0.939 0.939 0.939 0.939 0.939 1.555 0.939 0.939
0.486 0.085 0.486 0.486 0.486 0.486 0.486 0.085 0.486 0.486
0.745 -0.816 0.745 0.745 0.745 0.745 0.745 -0.816 0.669 0.669
