131.57
47.57
11.43
48.32
9.95
48.06
47.21
13.67
31.77
27.99
18.2
136.63
107.85
75.2
118.36
34.26
99.11
54.6
27.1
44.84
50.39
17.51
17.12
8.38
20.5
17.44
18.89
20.73
32.52
25.26
18.2
50.43
21.88
21.65
49.44
18.59
19.32
48.42
31.7
23.75
23.46
17.35
60.68
22.44
20.24
19.19
19.55
16.46
52.43
107.62
42.41
17.18
18.13
105.26
10.58
36.2
39.62
91
29.96
32.72
56.24
47.27
50.33
7.29
24.38
21.29
23.19
26.94
21.12
21.88
37.42
31.7
31.34
24.24
23.72
23.78
21.71
22.31
10.58
10.28
11.27
13.4
14.68
17.9
12.09
10.28
10.41
17.02
30.98
19.22
22.93
22.24
73
99.28
40.54
86.6
90.64
60.87
26.02
19.32
14.65
16.29
22.17
25.03
14.98
16.56
19.78
15.47
24.77
29.24
19.32
14.95
13.7
13.57
12.25
1.68
1.12
0.33
12.32
0.3
0.33
0.33
0.33
5.58
80.22
61.3
66.72
58.9
50.66
50.82
71.94
76.71
65.05
26.22
50.2
61.99
55.29
71.75
115.18
108.64
106.7
107.95
98.19
70.37
53.84
20.43
97.01
61.83
82.56
11.5
17.77
129.99
15.6
32.49
2.56
32.88
19.19
140.44
98.26
5.26
108.94
75.16
98.85
64.78
65.31
83.8
134.03
107.13
108.28
100.92
103.78
97.6
98.26
86.01
93.82
99.24
37.78
94.22
61.24
86.47
86.37
33.71
50.85
94.15
120.24
99.7
118.5
2.76
104.2
112.68
97.77
105.19
102.76
105.22
50.92
98.69
98.59
88.93
99.54
93.23
85.58
70.99
93.76
166.29
20.24
86.47
54.17
66.1
63.57
38.14
39.36
40.51
57.23
73.29
33.28
38.93
10.58
18.76
68.4
81.11
77.96
263.07
161.93
89.39
282.69
169.38
20.99
170.04
62.88
63.04
39.52
70.17
81.57
51.64
37.19
32
43.5
21.68
61.63
85.81
77.69
41.72
88.99
81.67
67.05
37.98
29.96
2.56
67.81
4.4
14.29
30.32
24.54
23.06
40.97
13.6
27.23
50.76
5.58
24.93
42.31
69.88
91.92
113.73
42.25
11.99
49.54
25.79
31.5
89.09
120.53
114.06
122.73
33.97
63.3
54.96
45.6
53.94
28.12
26.12
83.25
130.06
36.76
20.11
10.51
110.51
20.86
9.63
5.26
9.69
18.86
21.75
12.32
10.91
11.33
11.27
0.16
12.02
10.41
12.32
12.94
12.32
20.24
12.52
12.35
12.94
15.44
16.85
16.69
0.03
9.76
24.54
14.42
33.97
12.94
13.01
12.48
13.4
14.16
17.48
55.45
15.77
18.13
18.89
12.02
52.96
13.99
18.96
20.07
20.11
20.07
19.38
20.37
20.99
12.19
13.3
14.68
18.56
17.77
16.72
25.72
23.88
27.56
18.13
12.39
17.15
15.21
14.72
21.81
14.49
19.91
17.67
55.26
16.39
15.83
16.29
16.62
12.98
15.14
43
16.52
15.31
15.51
9.92
14.22
14.13
17.41
16.03
13.44
13.04
14.42
48
16.39
13.47
17.05
1.61
10.09
13.07
12.52
12.25
33.34
16.16
12.65
25.2
34.4
27.5
46.55
37.48
40.08
28.42
47.11
55.58
53.88
9.03
76.51
53.58
87.16
32.98
32.33
28.48
16.46
37.22
70.3
3.88
11.07
54.14
60.32
73.59
75.76
28.88
50.03
8.74
43
26.97
43.53
8.28
38.73
17.67
34.79
32.85
36.53
9.86
24.8
28.25
34.92
2.56
6.11
3.02
11.14
48.19
44.97
46.62
21.25
34.43
32.03
42.21
37.71
39.06
38.34
41
41.69
40.7
40.47
20.11
0.69
38.96
1.94
7.13
24.54
12.32
29.7
9.46
38.04
32.88
30.16
30.42
23.88
23.82
26.68
0.79
25.79
26.38
27.83
39.68
18.2
18.89
16.56
15.67
25.92
22.8
29.93
29.83
40.37
41.1
39.75
52.92
29.8
23.09
7.85
18.89
19.97
6.14
13.93
10.51
34.53
54.96
52.69
25.89
22.08
17.48
17.51
23.49
15.21
16.75
24.97
31.27
33.18
7.39
109.79
59.53
79.04
83.28
74.97
70.8
72.04
85.09
86.89
115.6
105.98
101.54
85.28
38.17
43.69
69.25
66.33
71.98
13.53
18.1
2.6
62.42
11.83
11.56
21.22
13.21
7.1
13.27
10.61
24.93
32.72
29.2
25.03
17.05
15.31
14.68
14.45
14.78
22.24
2.63
16.06
7.46
14.49
19.51
19.58
17.48
27.89
22.37
58.48
31.96
58.57
40.05
34.89
36.33
28.84
24.7
22.31
20.37
23.46
65.57
41.89
26.02
17.35
14.06
28.19
19.71
46.98
64.16
86.89
-0.23
0.16
0.26
18.46
21.06
20.66
19.25
13.83
18.86
17.38
17.25
13.93
17.02
3.81
11.4
52.92
107.98
106.96
